HD69686 08 18 22.97 09 09 05.07 2000
HD91316 10 32 48.67 09 18 23.71 2000
HD93521 10 48 23.51 37 34 13.09 2000
HD97991 11 16 11.70 -03 28 19.09 2000
HD104337 12 00 51.16 -19 39 32.33 2000
HD108767 12 29 51.86 -16 30 55.55 2000
HD119608 13 44 31.31 -17 56 13.22 2000
HD120086 13 47 19.20 -02 26 36.62 2000
HD129956 14 45 30.21 00 43 02.18 2000
HD142096 15 53 20.06 -20 10 01.44 2000
HD142378 15 55 00.37 -19 22 58.51 2000
HD144218 16 05 26.57 -19 48 06.86 2000
HD144470 16 06 48.43 -20 40 09.09 2000
HD149757 16 37 09.54 -10 34 01.53 2000
HD150100 16 36 11.42 52 54 00.17 2000